R=0.251798,
G=0.479167,
B=0.242513,
A=1.000000